 -122.90638175088,49.205458020881,-122.90570891104,49.205781860151
 -122.88884876624,49.231568943311,-122.89013761162,49.231587663892
 -122.88761190697,49.229640645744,-122.88632451244,49.229623277366
 -122.92893998647,49.204291742899,-122.92842201097,49.203867928045
 -122.89142719564,49.23160134154,-122.89013761162,49.231587663892
 -122.90649744801,49.210479349858,-122.90892135429,49.212490352406
 -122.94991074007,49.199087467518,-122.94940449707,49.198151994113
 -122.89292946034,49.223652780322,-122.89195532368,49.224590267736
 -122.92071810832,49.201587568196,-122.9202489406,49.201211974682
 -122.9039415092,49.220279177343,-122.90025899913,49.220566610889
 -122.92763192753,49.214017478446,-122.93142503872,49.216900486925
 -122.92666099228,49.213258002405,-122.9256748783,49.212496194745
 -122.90847758916,49.224303195564,-122.90664110652,49.225272998807
 -122.93705074487,49.20413144095,-122.93472855203,49.205387506495
 -122.91551627841,49.207338420701,-122.91422784485,49.206313562891
 -122.91926079572,49.203571433823,-122.91864120401,49.203923006683
 -122.89287735842,49.225549709704,-122.88937400678,49.225289270045
 -122.90549501803,49.212310330742,-122.90453330466,49.211539980557
 -122.90372784335,49.208174633832,-122.90421933781,49.20791252202
 -122.90570891104,49.205781860151,-122.90517332909,49.205349453171
 -122.91422784485,49.206313562891,-122.91242908177,49.204886097128
 -122.92762635548,49.210221441152,-122.92851599403,49.210933667229
 -122.92137037494,49.217396419749,-122.92040323414,49.216627022714
 -122.95159550222,49.184218793149,-122.95342086064,49.186232970463
 -122.92030265955,49.208252567855,-122.91836749841,49.206713107694
 -122.9520501816,49.20577776538,-122.94980470948,49.206990577862
 -122.93323872708,49.214680487174,-122.93507788122,49.213691064111
 -122.93229839556,49.211495541074,-122.93321312806,49.212226388236
 -122.936905746,49.19033879341,-122.94003129342,49.193545170544
 -122.9467623428,49.201570846276,-122.94754603176,49.202193648172
 -122.90410745399,49.222265816652,-122.90378425327,49.222609910225
 -122.92359659128,49.203902644172,-122.92407505659,49.204282144768
 -122.94093857376,49.211775894934,-122.94040458303,49.211347189589
 -122.92920476164,49.203450371055,-122.92992661827,49.203058567625
 -122.94288590363,49.192417717109,-122.94249270371,49.192660255194
 -122.90579964305,49.205015188595,-122.90671400052,49.204518362996
 -122.89257631909,49.235697488525,-122.89250520481,49.237817385554
 -122.9391091821,49.210318067517,-122.94000330276,49.211033616659
 -122.92717805708,49.202924542978,-122.92639702779,49.203354759947
 -122.90613340231,49.217760333131,-122.91036774048,49.221125871804
 -122.92126773128,49.209014205235,-122.91933383063,49.207481860523
 -122.92640644773,49.207531509384,-122.92690245314,49.207268739915
 -122.89744183913,49.227960866075,-122.89748323955,49.226510444593
 -122.90335400063,49.209662658227,-122.90240049293,49.208891534876
 -122.94171040246,49.210112167938,-122.94264600968,49.210856920772
 -122.94497925072,49.205889729971,-122.94590547366,49.206620919065
 -122.92512312289,49.208227955562,-122.92686361197,49.209615595777
 -122.91466649811,49.201623445006,-122.91595402311,49.200929178991
 -122.91579571577,49.20166291847,-122.91627229987,49.202043385692
 -122.93506208908,49.211226913055,-122.93660390588,49.210392468095
 -122.9352117536,49.209283378912,-122.93472908827,49.208899645164
 -122.92099635584,49.206584202588,-122.92003944213,49.205816683536
 -122.91266857972,49.200618588577,-122.91412993027,49.200312545004
 -122.95129326357,49.200176338603,-122.95322273125,49.199129752594
 -122.92464431843,49.207837147774,-122.92697239272,49.206588260518
 -122.9216114921,49.202321314823,-122.92071810832,49.201587568196
 -122.90892248785,49.204083405617,-122.90994425965,49.203533546969
 -122.93598142685,49.211957722022,-122.93691100117,49.212696512482
 -122.9192069224,49.20883986119,-122.91813235598,49.20941826274
 -122.90410820028,49.211213500692,-122.90468109564,49.209080044904
 -122.93968427487,49.206224005111,-122.93871864992,49.205459580414
 -122.91492624315,49.217194927041,-122.91408869763,49.21652917469
 -122.92640096303,49.202371832546,-122.92717805708,49.202924542978
 -122.92429025117,49.193077813232,-122.92349651428,49.193642759081
 -122.91422784485,49.206313562891,-122.91273708293,49.207117087028
 -122.94681754507,49.18277255819,-122.9492471819,49.181717826209
 -122.94666211755,49.186278631514,-122.94797873755,49.185726684281
 -122.92482889894,49.211832415013,-122.9256748783,49.212496194745
 -122.91403499677,49.204106766229,-122.91242908177,49.204886097128
 -122.89501643959,49.232098421318,-122.89565573356,49.232537284425
 -122.95730037967,49.181833437938,-122.95723927322,49.183226792099
 -122.93931945704,49.189338979631,-122.94242918398,49.192553181094
 -122.94157341433,49.207727642549,-122.94320268663,49.20684534325
 -122.91801335098,49.20025909403,-122.92070906276,49.200451072027
 -122.91689231556,49.213838074729,-122.91539714873,49.214641248509
 -122.92440052131,49.203461752262,-122.92359659128,49.203902644172
 -122.94320268663,49.20684534325,-122.94412362233,49.207581445446
 -122.94666211755,49.186278631514,-122.94299162796,49.192366220785
 -122.891523825,49.227877446335,-122.89023424747,49.227868623584
 -122.90027793835,49.21138578516,-122.89903267955,49.2093623672
 -122.94316965364,49.184299378251,-122.94195088997,49.184834055292
 -122.90372784335,49.208174633832,-122.90219452763,49.206953210591
 -122.9574320911,49.183185493807,-122.9574428246,49.183310442894
 -122.9132133227,49.215819492602,-122.91233368468,49.215122170862
 -122.90128563799,49.225194277959,-122.90259570357,49.2252093327
 -122.91017993163,49.208496554619,-122.90839654913,49.207062557442
 -122.90426078184,49.23154383798,-122.90608513928,49.230559505799
 -122.90244472912,49.230039411787,-122.90355806551,49.229454890217
 -122.90621761402,49.220751508536,-122.90490548044,49.221459280333
 -122.94093857376,49.211775894934,-122.94264600968,49.210856920772
 -122.93445898656,49.20661731648,-122.9378801428,49.20479171122
 -122.92593763176,49.194775681805,-122.92429025117,49.193077813232
 -122.9338860312,49.194113346178,-122.93098065599,49.194532727929
 -122.9135145044,49.211911334572,-122.9133442168,49.212003530065
 -122.92599204881,49.205809056011,-122.92551486955,49.205428476758
 -122.92505531227,49.220331701329,-122.9242966711,49.219726176476
 -122.89662901468,49.219325447627,-122.89762367982,49.218548751236
 -122.94406066846,49.205155247475,-122.94497925072,49.205889729971
 -122.90782514687,49.203216561267,-122.9065672756,49.203896239306
 -122.9242966711,49.219726176476,-122.92355790111,49.219138528838
 -122.90664110652,49.225272998807,-122.90569195621,49.224505913907
 -122.9378801428,49.20479171122,-122.93705074487,49.20413144095
 -122.95176325008,49.20314277147,-122.95371799725,49.20208108876
 -122.9164442881,49.201320726025,-122.91595402311,49.200929178991
 -122.91518932946,49.203322841822,-122.91675599915,49.202419949389
 -122.93758208875,49.211168764285,-122.92980639327,49.20498627693
 -122.95312209691,49.180114664155,-122.95353919221,49.179943960018
 -122.90528374244,49.204607998445,-122.90469234396,49.204913048948
 -122.94511670845,49.203294753921,-122.94934791746,49.201227880326
 -122.9157006666,49.220450640233,-122.91768959178,49.219378373551
 -122.93229839556,49.211495541074,-122.93414581861,49.210498901355
 -122.9108547426,49.203044518563,-122.90994425965,49.203533546969
 -122.90122920412,49.227177144867,-122.89860600588,49.227142691636
 -122.89273969935,49.230739057176,-122.89275322576,49.230255678072
 -122.91038260701,49.201828949201,-122.9109162685,49.202266232348
 -122.90647304235,49.227918074775,-122.90542068851,49.228472695121
 -122.92389025463,49.208886952578,-122.92223859973,49.209782445388
 -122.95322273125,49.199129752594,-122.95242022721,49.198497472197
 -122.94524315226,49.181125986129,-122.94775417607,49.180182100469
 -122.89621918042,49.23076277433,-122.89555209846,49.231123984839
 -122.90752731072,49.22353335688,-122.90569195621,49.224505913907
 -122.8985396192,49.229531028954,-122.90126773777,49.228108330444
 -122.92763192753,49.214017478446,-122.92393025479,49.216022872794
 -122.91452140958,49.213942610344,-122.91404409069,49.213562698364
 -122.90236362225,49.227529394035,-122.90316353642,49.228179055684
 -122.9378801428,49.20479171122,-122.93967393397,49.203840943375
 -122.93068941613,49.203619483581,-122.93043054641,49.20345682698
 -122.92951571105,49.215449143069,-122.93758208875,49.211168764285
 -122.94610498824,49.204048604289,-122.94703025596,49.204780891476
 -122.90468109564,49.209080044904,-122.90481273336,49.209072554238
 -122.93705074487,49.20413144095,-122.94037620105,49.202336666135
 -122.91738485879,49.202078853815,-122.9164442881,49.201320726025
 -122.95256182904,49.20377475116,-122.95111794517,49.205032385161
 -122.90664110652,49.225272998807,-122.90854450733,49.226827784955
 -122.90270297892,49.210017189047,-122.90181606111,49.209212268612
 -122.90685971938,49.205846920429,-122.90473902595,49.206988312985
 -122.91037401902,49.20522973869,-122.90782510351,49.206604139812
 -122.92992661827,49.203058567625,-122.92919065214,49.20246866128
 -122.91475886764,49.219674626696,-122.91754382707,49.221914903101
 -122.92113068316,49.210379944776,-122.92006237505,49.21095655765
 -122.94151826332,49.20173110079,-122.90840814158,49.219566137468
 -122.89977668956,49.209130726166,-122.90126253352,49.209506341267
 -122.89893463796,49.212109814071,-122.90132169317,49.210796313612
 -122.90151309062,49.215838904145,-122.90274715073,49.215070527582
 -122.90649851724,49.213113532235,-122.90702145307,49.213525079315
 -122.92223859973,49.209782445388,-122.92113068316,49.210379944776
 -122.9312892061,49.207243445695,-122.93209833558,49.206804966471
 -122.91273708293,49.207117087028,-122.91092575439,49.20569713381
 -122.92264936564,49.21670937661,-122.92633786312,49.21964046599
 -122.92319409464,49.206686331435,-122.92126122973,49.205152487157
 -122.91547805692,49.200549866729,-122.91480889362,49.200913296309
 -122.94406066846,49.205155247475,-122.94610498824,49.204048604289
 -122.93230649197,49.213943308394,-122.93413708737,49.212955923605
 -122.94242918398,49.192553181094,-122.9413842391,49.193149584617
 -122.94129934819,49.202960944134,-122.94251557478,49.202305285747
 -122.9295739924,49.193381494186,-122.9279609826,49.194052287423
 -122.90753830631,49.227356912874,-122.90647304235,49.227918074775
 -122.94052892223,49.204493481057,-122.94101518701,49.204224589312
 -122.94129934819,49.202960944134,-122.94212767773,49.203616751508
 -122.91066046243,49.210870927265,-122.91259294558,49.212405117149
 -122.90469234396,49.204913048948,-122.90191010248,49.206410066484
 -122.92417048026,49.207460823654,-122.92649293103,49.20620729802
 -122.9336413434,49.205972150595,-122.93472855203,49.205387506495
 -122.95535379197,49.203330584241,-122.95452550115,49.202710536283
 -122.89263829333,49.233883346112,-122.89269276558,49.232461262414
 -122.90989008908,49.204853452308,-122.90734820405,49.20622220663
 -122.91215147648,49.210062095513,-122.91342976837,49.209377533215
 -122.92440052131,49.203461752262,-122.9249338683,49.203169764587
 -122.90069783635,49.233462814724,-122.8984783258,49.231745885422
 -122.91404409069,49.213562698364,-122.91355651309,49.213173912754
 -122.90988216038,49.215800754774,-122.91185602003,49.214735891789
 -122.92738424246,49.20173612551,-122.92744140206,49.201781293558
 -122.94428222126,49.183832120976,-122.94316965364,49.184299378251
 -122.95224957107,49.180469829304,-122.95312209691,49.180114664155
 -122.91371732197,49.202140791878,-122.91529344003,49.20128244301
 -122.90939558073,49.204465096479,-122.90989008908,49.204853452308
 -122.94541115662,49.200105800116,-122.94624202699,49.199712883642
 -122.95371799725,49.20208108876,-122.95565437947,49.201030881517
 -122.91459616365,49.203708374156,-122.9130847163,49.202496663735
 -122.92762325479,49.218946612181,-122.92633786312,49.21964046599
 -122.90664110652,49.225272998807,-122.90560535686,49.225820830478
 -122.89142719564,49.23160134154,-122.89138441866,49.233274051724
 -122.94052892223,49.204493481057,-122.94149535219,49.205251210349
 -122.93967904268,49.20494093955,-122.94052892223,49.204493481057
 -122.92686361197,49.209615595777,-122.92564206427,49.210275034983
 -122.92837750452,49.203877501137,-122.92936867178,49.20462828783
 -122.93142503872,49.216900486925,-122.93416610091,49.215422302524
 -122.93426128689,49.208509733571,-122.93580793594,49.207675849415
 -122.93894457385,49.20791628414,-122.93986936263,49.208647856152
 -122.93445898656,49.20661731648,-122.93530294292,49.20729230704
 -122.94887189823,49.206248772143,-122.94980470948,49.206990577862
 -122.91323874173,49.223424642607,-122.91486214307,49.223911198259
 -122.91374828223,49.20792139067,-122.91328326068,49.207551953939
 -122.90378425327,49.222609910225,-122.90225044595,49.222551396388
 -122.94228142931,49.206114165572,-122.94406066846,49.205155247475
 -122.90839654913,49.207062557442,-122.90695341497,49.207922998308
 -122.91689231556,49.213838074729,-122.91601119417,49.213136893727
 -122.90685971938,49.205846920429,-122.91133916668,49.203446554946
 -122.91140608637,49.210474406364,-122.91074793972,49.209948403914
 -122.91215147648,49.210062095513,-122.91070271242,49.208917060748
 -122.91408869763,49.21652917469,-122.91628327731,49.215344512848
 -122.94835453401,49.202836313803,-122.94541115662,49.200105800116
 -122.91717053874,49.208654066671,-122.91620104565,49.207882963825
 -122.94784838616,49.198749670641,-122.94826555847,49.198467495597
 -122.91296004575,49.218247946165,-122.91124436614,49.216882169511
 -122.92006237505,49.21095655765,-122.91855578457,49.211748708681
 -122.9042683988,49.229078289145,-122.90355806551,49.229454890217
 -122.89290375208,49.224609405019,-122.89287735842,49.225549709704
 -122.90695341497,49.207922998308,-122.90682632848,49.207821228367
 -122.95476830473,49.182895290397,-122.95563726587,49.182533532108
 -122.93413708737,49.212955923605,-122.93598142685,49.211957722022
 -122.92197165166,49.207356363098,-122.92258120776,49.207017006648
 -122.91418625699,49.202513121216,-122.91317478682,49.201792242859
 -122.91777863011,49.214541802778,-122.91628327731,49.215344512848
 -122.92879272342,49.206240856398,-122.92953830909,49.205842862552
 -122.90126773777,49.228108330444,-122.90133431053,49.229159341375
 -122.93108159775,49.195009543361,-122.93047375871,49.194296089148
 -122.90133431053,49.229159341375,-122.90159650558,49.230716285328
 -122.94835453401,49.202836313803,-122.95015909781,49.201865957798
 -122.91944110238,49.212451553685,-122.91791140738,49.21123579286
 -122.91860333187,49.215199496661,-122.91943473865,49.215859666553
 -122.94497925072,49.205889729971,-122.94703025596,49.204780891476
 -122.91470741315,49.20868387997,-122.91342976837,49.209377533215
 -122.92137037494,49.217396419749,-122.92210267005,49.21798268563
 -122.95304934641,49.17802497566,-122.95487808894,49.177276721256
 -122.92633786312,49.21964046599,-122.92505531227,49.220331701329
 -122.92702175893,49.194478739493,-122.92743237711,49.196249843136
 -122.89297882245,49.221969570003,-122.88937400678,49.225289270045
 -122.9153609073,49.210914201153,-122.91040754935,49.213583969513
 -122.90219452763,49.206953210591,-122.90167079367,49.20724504822
 -122.90351554471,49.226922465655,-122.90460333842,49.22634758948
 -122.93375448897,49.208124306137,-122.93426128689,49.208509733571
 -122.94775936625,49.208096216862,-122.94980470948,49.206990577862
 -122.94830429588,49.198050291734,-122.9488505124,49.197918399256
 -122.93871864992,49.205459580414,-122.93967904268,49.20494093955
 -122.89606755755,49.231546874176,-122.89501643959,49.232098421318
 -122.89386848071,49.216506954685,-122.89302884425,49.2204652272
 -122.90473902595,49.206988312985,-122.90421139699,49.206572080836
 -122.90892248785,49.204083405617,-122.90638175088,49.205458020881
 -122.93027643886,49.203568444872,-122.93068941613,49.203619483581
 -122.92182134669,49.212347254425,-122.92093891971,49.211649867286
 -122.90126253352,49.209506341267,-122.90096408266,49.209667459468
 -122.91259587072,49.202104240943,-122.91210089576,49.202369927444
 -122.94826555847,49.198467495597,-122.94830429588,49.198050291734
 -122.94590547366,49.206620919065,-122.94682550639,49.207353046789
 -122.92744932216,49.206968120185,-122.92811914423,49.206607733239
 -122.89860600588,49.227142691636,-122.89862089072,49.226521364982
 -122.91486214307,49.223911198259,-122.90955298654,49.224331417879
 -122.94504500869,49.208308466867,-122.94682550639,49.207353046789
 -122.93138727983,49.213214640165,-122.93321312806,49.212226388236
 -122.92851599403,49.210933667229,-122.92949883462,49.211714060089
 -122.91137667528,49.204054338512,-122.90989008908,49.204853452308
 -122.92264936564,49.21670937661,-122.92071317663,49.215169339419
 -122.9312892061,49.207243445695,-122.92953830909,49.205842862552
 -122.9412562785,49.193039658027,-122.94003129342,49.193545170544
 -122.91639291478,49.205141438758,-122.91459616365,49.203708374156
 -122.95732923526,49.176196458025,-122.95487808894,49.177276721256
 -122.94415367159,49.202529384223,-122.94543003216,49.201842929651
 -122.93968427487,49.206224005111,-122.94065024035,49.206994902014
 -122.91140608637,49.210474406364,-122.91066046243,49.210870927265
 -122.89842000085,49.233940565466,-122.89845249224,49.232801677152
 -122.90351554471,49.226922465655,-122.90431857742,49.227574472441
 -122.92702175893,49.194478739493,-122.92695127716,49.194406154934
 -122.93507788122,49.213691064111,-122.93691100117,49.212696512482
 -122.91864120401,49.203923006683,-122.91724468197,49.202819617235
 -122.91412993027,49.200312545004,-122.91409511002,49.200206436588
 -122.88765864869,49.227845950478,-122.88761190697,49.229640645744
 -122.90324904106,49.232089816631,-122.90244472912,49.230039411787
 -122.91943473865,49.215859666553,-122.91575738261,49.217844887253
 -122.93266962108,49.209370171542,-122.93426128689,49.208509733571
 -122.92551486955,49.205428476758,-122.92504059176,49.205050487137
 -122.91266857972,49.200618588577,-122.91233770182,49.200778515499
 -122.9279609826,49.194052287423,-122.92702175893,49.194478739493
 -122.89497100629,49.233062112694,-122.89496433279,49.23342774209
 -122.91000348569,49.210353119821,-122.9097506362,49.210150515048
 -122.90426078184,49.23154383798,-122.90355806551,49.229454890217
 -122.92115314681,49.213812431555,-122.91296004575,49.218247946165
 -122.94089509926,49.201908800595,-122.94151826332,49.20173110079
 -122.9240132273,49.211165521285,-122.92482889894,49.211832415013
 -122.93290965656,49.207463672931,-122.93375448897,49.208124306137
 -122.93209833558,49.206804966471,-122.93320285895,49.206208591038
 -122.89846528784,49.232235125897,-122.8984783258,49.231745885422
 -122.92685372729,49.204702024886,-122.9249338683,49.203169764587
 -122.89285644621,49.226451385554,-122.89633047091,49.226499801674
 -122.93630173102,49.203541722249,-122.93523734261,49.203877266662
 -122.91242908177,49.204886097128,-122.91185500999,49.204429275048
 -122.8828312585,49.231372774003,-122.88010717381,49.233969638221
 -122.90321194326,49.215438505643,-122.90365049262,49.215792261772
 -122.94784838616,49.198749670641,-122.94830429588,49.198050291734
 -122.89501643959,49.232098421318,-122.89271247723,49.23164787126
 -122.92182134669,49.212347254425,-122.92032881463,49.21315644529
 -122.93600715094,49.214429511531,-122.93784287981,49.213439616136
 -122.93816225514,49.20956764165,-122.93986936263,49.208647856152
 -122.90615004196,49.208102417019,-122.90522319776,49.207367848522
 -122.95203821554,49.178383096344,-122.9526202013,49.178992861514
 -122.90274715073,49.215070527582,-122.90275136035,49.215067906303
 -122.90570891104,49.205781860151,-122.90421139699,49.206572080836
 -122.94920133319,49.185216465764,-122.94681754507,49.18277255819
 -122.91211780271,49.217578458356,-122.91408869763,49.21652917469
 -122.95452550115,49.202710536283,-122.95371799725,49.20208108876
 -122.91409511002,49.200206436588,-122.91221076871,49.200523610021
 -122.95089926797,49.181043345323,-122.95155197178,49.181727491158
 -122.94000330276,49.211033616659,-122.94171040246,49.210112167938
 -122.901324838,49.223749730055,-122.90128563799,49.225194277959
 -122.93691100117,49.212696512482,-122.93784287981,49.213439616136
 -122.90541447994,49.208754153795,-122.90615004196,49.208102417019
 -122.90421139699,49.206572080836,-122.90369249174,49.20615307847
 -122.92030265955,49.208252567855,-122.9192069224,49.20883986119
 -122.90541447994,49.208754153795,-122.9058870537,49.209140804798
 -122.89875207662,49.209217411638,-122.89975481686,49.208092508387
 -122.9224442002,49.204516872964,-122.92295140244,49.20423750993
 -122.91595402311,49.200929178991,-122.91550201303,49.200143248834
 -122.92003944213,49.205816683536,-122.91944625055,49.206133341129
 -122.91261543154,49.21953964048,-122.91094245304,49.218209302756
 -122.90452107897,49.21648359187,-122.90840814158,49.219566137468
 -122.91717053874,49.208654066671,-122.9156765632,49.20945525496
 -122.92686361197,49.209615595777,-122.9291998963,49.208359198617
 -122.89276916698,49.229718796466,-122.89275322576,49.230255678072
 -122.95382114155,49.204776574786,-122.9520501816,49.20577776538
 -122.88756140963,49.231556784433,-122.88884876624,49.231568943311
 -122.91943473865,49.215859666553,-122.92040323414,49.216627022714
 -122.91402882384,49.208144935831,-122.91196864652,49.206529735497
 -122.92032881463,49.21315644529,-122.91908964879,49.213824456134
 -122.90468109564,49.209080044904,-122.90335400063,49.209662658227
 -122.90657314638,49.222761355457,-122.90752731072,49.22353335688
 -122.89287735842,49.225549709704,-122.89285644621,49.226451385554
 -122.92919065214,49.20246866128,-122.92791143473,49.201527443616
 -122.88889797472,49.22966023472,-122.88884876624,49.231568943311
 -122.90707725383,49.204312457485,-122.9065672756,49.203896239306
 -122.91987716219,49.221118977609,-122.92061540195,49.221709029271
 -122.90579964305,49.205015188595,-122.90517332909,49.205349453171
 -122.89903267955,49.2093623672,-122.89875207662,49.209217411638
 -122.93321312806,49.212226388236,-122.93506208908,49.211226913055
 -122.90734820405,49.20622220663,-122.90522319776,49.207367848522
 -122.93209833558,49.206804966471,-122.93034277608,49.205409116106
 -122.89421193606,49.231831466517,-122.89303284813,49.232452208357
 -122.90316353642,49.228179055684,-122.9042683988,49.229078289145
 -122.91151940471,49.220126757934,-122.91076880328,49.219412235559
 -122.92126122973,49.205152487157,-122.91926079572,49.203571433823
 -122.91273708293,49.207117087028,-122.91328326068,49.207551953939
 -122.90270297892,49.210017189047,-122.90335400063,49.209662658227
 -122.92992661827,49.203058567625,-122.93076974107,49.2025703848
 -122.8990169931,49.234368190618,-122.89842000085,49.233940565466
 -122.92264936564,49.21670937661,-122.92137037494,49.217396419749
 -122.91842347138,49.219963621133,-122.91185602003,49.214735891789
 -122.94065024035,49.206994902014,-122.94157341433,49.207727642549
 -122.9192069224,49.20883986119,-122.91779951959,49.207728504679
 -122.92596366568,49.19198118164,-122.9279609826,49.194052287423
 -122.90528374244,49.204607998445,-122.90473423058,49.204158370807
 -122.91529915787,49.205731097614,-122.91422784485,49.206313562891
 -122.93660390588,49.210392468095,-122.93816225514,49.20956764165
 -122.9336413434,49.205972150595,-122.93189058919,49.20457782853
 -122.95723927322,49.183226792099,-122.9574320911,49.183185493807
 -122.9088520404,49.202659162033,-122.90782514687,49.203216561267
 -122.94934791746,49.201227880326,-122.95015909781,49.201865957798
 -122.90560535686,49.225820830478,-122.90753830631,49.227356912874
 -122.94212767773,49.203616751508,-122.94101518701,49.204224589312
 -122.92175210236,49.205538197215,-122.91835323565,49.202850752711
 -122.93054165876,49.207641173412,-122.9312892061,49.207243445695
 -122.90569195621,49.224505913907,-122.90465652494,49.225051754846
 -122.92295140244,49.20423750993,-122.92103393329,49.202700949469
 -122.94590547366,49.206620919065,-122.94795053874,49.205515770346
 -122.93133646086,49.208264942283,-122.93290965656,49.207463672931
 -122.92811914423,49.206607733239,-122.92879272342,49.206240856398
 -122.89257631909,49.235697488525,-122.89424776716,49.235712969728
 -122.92640096303,49.202371832546,-122.92738424246,49.20173612551
 -122.89738432343,49.230156764828,-122.89621918042,49.23076277433
 -122.91211780271,49.217578458356,-122.90410820028,49.211213500692
 -122.95089926797,49.181043345323,-122.95224957107,49.180469829304
 -122.89877988194,49.220537825723,-122.90094240751,49.220572737348
 -122.93213849409,49.192332426987,-122.9295739924,49.193381494186
 -122.95730037967,49.181833437938,-122.95752582129,49.181795598548
 -122.94754603176,49.202193648172,-122.95075752329,49.204746028731
 -122.92596366568,49.19198118164,-122.92511594154,49.192516008471
 -122.91317478682,49.201792242859,-122.91419932573,49.201241955354
 -122.916641634,49.210225030197,-122.9156765632,49.20945525496
 -122.90682632848,49.207821228367,-122.90628017504,49.208286605938
 -122.92512312289,49.208227955562,-122.92389025463,49.208886952578
 -122.93221712516,49.208964866981,-122.93266962108,49.209370171542
 -122.92992661827,49.203058567625,-122.9313545457,49.204151778166
 -122.88818201333,49.226393852768,-122.88668645128,49.227782473962
 -122.92763192753,49.214017478446,-122.92666099228,49.213258002405
 -122.91762794861,49.212225555601,-122.91908964879,49.213824456134
 -122.95353919221,49.179943960018,-122.95458845245,49.179500202991
 -122.91862439894,49.204697202139,-122.91805748561,49.204244202046
 -122.89147802975,49.229683948489,-122.89276916698,49.229718796466
 -122.91043144088,49.227135200404,-122.90951999082,49.227617177665
 -122.90126773777,49.228108330444,-122.89858004309,49.227974315916
 -122.92193676324,49.200924699654,-122.92071810832,49.201587568196
 -122.91943473865,49.215859666553,-122.92071317663,49.215169339419
 -122.89840412609,49.234700593597,-122.8990169931,49.234368190618
 -122.95452550115,49.202710536283,-122.95645817044,49.201663770212
 -122.90717751768,49.202722298687,-122.90473423058,49.204158370807
 -122.90834254325,49.203623817811,-122.90707725383,49.204312457485
 -122.92625837385,49.20502437149,-122.92685372729,49.204702024886
 -122.91620104565,49.207882963825,-122.91470741315,49.20868387997
 -122.92223859973,49.209782445388,-122.92030265955,49.208252567855
 -122.9526202013,49.178992861514,-122.95317134841,49.179560969076
 -122.89628615389,49.227946921573,-122.89281778726,49.227891278115
 -122.92417048026,49.207460823654,-122.9236789532,49.207070768956
 -122.9065672756,49.203896239306,-122.90528374244,49.204607998445
 -122.89281778726,49.227891278115,-122.89278054609,49.229358519907
 -122.91038260701,49.201828949201,-122.9097615429,49.20133445624
 -122.94309430452,49.204385219713,-122.94511670845,49.203294753921
 -122.95458845245,49.179500202991,-122.9563841339,49.178804665078
 -122.89627496985,49.228491419882,-122.89624524017,49.22939552117
 -122.90181606111,49.209212268612,-122.90240049293,49.208891534876
 -122.95049064338,49.199548466956,-122.94991074007,49.199087467518
 -122.9097615429,49.20133445624,-122.91221076871,49.200523610021
 -122.92226264124,49.200848399097,-122.92179392328,49.200815740968
 -122.9094065845,49.215421219103,-122.90892079358,49.215036166482
 -122.91215147648,49.210062095513,-122.91140608637,49.210474406364
 -122.9402155604,49.183107672524,-122.93374652916,49.18696535102
 -122.92226264124,49.200848399097,-122.92014744161,49.200390398588
 -122.89633047091,49.226499801674,-122.89628615389,49.227946921573
 -122.93381061892,49.203923249634,-122.94003212564,49.202181606025
 -122.90269445514,49.223765591943,-122.90338999854,49.223028007818
 -122.89587428008,49.220500648206,-122.89877988194,49.220537825723
 -122.90132169317,49.210796313612,-122.90030625573,49.211426581644
 -122.92949883462,49.211714060089,-122.92998602908,49.212102491302
 -122.90649851724,49.213113532235,-122.90549501803,49.212310330742
 -122.9100127541,49.218708968754,-122.91094245304,49.218209302756
 -122.95159550222,49.184218793149,-122.95476830473,49.182895290397
 -122.91233368468,49.215122170862,-122.9113719655,49.214353492673
 -122.92811914423,49.206607733239,-122.92625837385,49.20502437149
 -122.9345466974,49.187893972663,-122.93405318771,49.18808672346
 -122.89840412609,49.234700593597,-122.89701933939,49.235371999909
 -122.90481273336,49.209072554238,-122.90649744801,49.210479349858
 -122.93472908827,49.208899645164,-122.93426128689,49.208509733571
 -122.90490548044,49.221459280333,-122.90657314638,49.222761355457
 -122.90128563799,49.225194277959,-122.90122920412,49.227177144867
 -122.93375448897,49.208124306137,-122.93530294292,49.20729230704
 -122.898468634,49.213649991907,-122.90151309062,49.215838904145
 -122.89271247723,49.23164787126,-122.89269276558,49.232461262414
 -122.93414581861,49.210498901355,-122.93366330926,49.210114945639
 -122.89302884425,49.2204652272,-122.89453619683,49.220486437023
 -122.91040754935,49.213583969513,-122.90843658328,49.21464989778
 -122.90839654913,49.207062557442,-122.90782510351,49.206604139812
 -122.89869217212,49.223719208761,-122.901324838,49.223749730055
 -122.93816225514,49.20956764165,-122.9391091821,49.210318067517
 -122.90892079358,49.215036166482,-122.90843658328,49.21464989778
 -122.91738485879,49.202078853815,-122.91675599915,49.202419949389
 -122.91124436614,49.216882169511,-122.91036626428,49.216183884196
 -122.93290965656,49.207463672931,-122.93209833558,49.206804966471
 -122.89866838744,49.224666673812,-122.89865598197,49.225160798095
 -122.95723718982,49.183354593376,-122.94954225637,49.198746645017
 -122.90159650558,49.230716285328,-122.90244472912,49.230039411787
 -122.89764932085,49.211129222385,-122.89454403766,49.214549249422
 -122.94003129342,49.193545170544,-122.93895295341,49.194159104275
 -122.93893988442,49.194000507295,-122.93712711969,49.194595669403
 -122.94617941764,49.201436690055,-122.94902640943,49.200349381774
 -122.90868974922,49.209303265894,-122.9097506362,49.210150515048
 -122.90586891902,49.210824027255,-122.90452013241,49.209847173342
 -122.94504500869,49.208308466867,-122.94598063921,49.209056649823
 -122.9569031102,49.18200516958,-122.95730037967,49.181833437938
 -122.89709719751,49.232220566388,-122.89651904681,49.232124876546
 -122.94920859073,49.203517194074,-122.95096695119,49.202505082335
 -122.89591127908,49.219896228835,-122.89587428008,49.220500648206
 -122.93758208875,49.211168764285,-122.93886055598,49.212181321457
 -122.91378687451,49.218905157486,-122.91575738261,49.217844887253
 -122.93230649197,49.213943308394,-122.93323872708,49.214680487174
 -122.91307079684,49.212791341302,-122.91355651309,49.213173912754
 -122.91151940471,49.220126757934,-122.91397577529,49.22133317564
 -122.90994425965,49.203533546969,-122.90937320383,49.203096326344
 -122.91140608637,49.210474406364,-122.9133442168,49.212003530065
 -122.92666099228,49.213258002405,-122.93317176787,49.209721744493
 -122.91639291478,49.205141438758,-122.9157702179,49.205480669427
 -122.92197165166,49.207356363098,-122.92030265955,49.208252567855
 -122.93908262762,49.211529068303,-122.94000330276,49.211033616659
 -122.90094240751,49.220572737348,-122.90089759464,49.222425177043
 -122.90522319776,49.207367848522,-122.90421933781,49.20791252202
 -122.94249430947,49.208461206539,-122.94412362233,49.207581445446
 -122.916641634,49.210225030197,-122.91739527249,49.209819189647
 -122.90126773777,49.228108330444,-122.90236362225,49.227529394035
 -122.92319409464,49.206686331435,-122.92551486955,49.205428476758
 -122.95726268303,49.202293896449,-122.95805729539,49.201868446461
 -122.92482889894,49.211832415013,-122.91860333187,49.215199496661
 -122.93820510793,49.210834598734,-122.9391091821,49.210318067517
 -122.9492471819,49.181717826209,-122.95089926797,49.181043345323
 -122.91317478682,49.201792242859,-122.91202530124,49.200947819656
 -122.936905746,49.19033879341,-122.9345466974,49.187893972663
 -122.91720320197,49.212495449606,-122.91601119417,49.213136893727
 -122.89303284813,49.232452208357,-122.89497100629,49.233062112694
 -122.89858004309,49.227974315916,-122.89860600588,49.227142691636
 -122.89287735842,49.225549709704,-122.89864524041,49.225618187131
 -122.89865598197,49.225160798095,-122.89997002671,49.225176853096
 -122.94795053874,49.205515770346,-122.95009318016,49.204217336476
 -122.89292946034,49.223652780322,-122.89869217212,49.223719208761
 -122.94171040246,49.210112167938,-122.94341591478,49.209193061529
 -122.93598142685,49.211957722022,-122.93820510793,49.210834598734
 -122.91196349135,49.222467513957,-122.91323874173,49.223424642607
 -122.92032881463,49.21315644529,-122.92199215586,49.214479776516
 -122.95563726587,49.182533532108,-122.95312209691,49.180114664155
 -122.928331081,49.20130080187,-122.91579379812,49.198904146316
 -122.90453914112,49.221804922811,-122.9022683789,49.221731676158
 -122.91242908177,49.204886097128,-122.91092575439,49.20569713381
 -122.91813235598,49.20941826274,-122.91739527249,49.209819189647
 -122.90649744801,49.210479349858,-122.90714585785,49.21013874458
 -122.93189058919,49.20457782853,-122.9313545457,49.204151778166
 -122.92199215586,49.214479776516,-122.92071317663,49.215169339419
 -122.93047009216,49.212486191525,-122.92763192753,49.214017478446
 -122.92690245314,49.207268739915,-122.92816929246,49.208287376272
 -122.94795053874,49.205515770346,-122.94887189823,49.206248772143
 -122.95335833957,49.204407490821,-122.95256182904,49.20377475116
 -122.92791143473,49.201527443616,-122.928331081,49.20130080187
 -122.9488505124,49.197918399256,-122.94914871359,49.198197783934
 -122.95732923526,49.176196458025,-122.95758596355,49.176043452792
 -122.94242516637,49.188044983315,-122.94120979222,49.188552191173
 -122.92389025463,49.208886952578,-122.92292725881,49.20812039917
 -122.94681754507,49.18277255819,-122.94524315226,49.181125986129
 -122.91768959178,49.219378373551,-122.91672326193,49.218609720139
 -122.92690245314,49.207268739915,-122.92744932216,49.206968120185
 -122.93043054641,49.20345682698,-122.92719396682,49.201051100725
 -122.95645817044,49.201663770212,-122.95565437947,49.201030881517
 -122.9140795524,49.211602254544,-122.9135145044,49.211911334572
 -122.92113068316,49.210379944776,-122.92019334118,49.209632128871
 -122.8984783258,49.231745885422,-122.89858004309,49.227974315916
 -122.92223859973,49.209782445388,-122.9240132273,49.211165521285
 -122.93472855203,49.205387506495,-122.93302525687,49.20397895366
 -122.92271230961,49.206301639342,-122.92223153358,49.205919122753
 -122.91855578457,49.211748708681,-122.916641634,49.210225030197
 -122.93530294292,49.20729230704,-122.93871864992,49.205459580414
 -122.91813235598,49.20941826274,-122.91717053874,49.208654066671
 -122.93813942353,49.189827589304,-122.93576107392,49.187403559308
 -122.89764932085,49.211129222385,-122.89893463796,49.212109814071
 -122.90517332909,49.205349453171,-122.90469234396,49.204913048948
 -122.90027793835,49.21138578516,-122.90030625573,49.211426581644
 -122.92744932216,49.206968120185,-122.9291998963,49.208359198617
 -122.93416610091,49.215422302524,-122.93600715094,49.214429511531
 -122.89259678876,49.234788155206,-122.89257631909,49.235697488525
 -122.9291998963,49.208359198617,-122.93054165876,49.207641173412
 -122.94666211755,49.186278631514,-122.94428222126,49.183832120976
 -122.9113719655,49.214353492673,-122.91088654501,49.213969753748
 -122.91862439894,49.204697202139,-122.91782666032,49.205127369057
 -122.8990169931,49.234368190618,-122.89988833511,49.233900036423
 -122.94920859073,49.203517194074,-122.94835453401,49.202836313803
 -122.89997002671,49.225176853096,-122.89994317587,49.22615611107
 -122.90847758916,49.224303195564,-122.91136050164,49.226644566091
 -122.92295821683,49.215248187428,-122.92115314681,49.213812431555
 -122.94682550639,49.207353046789,-122.94775936625,49.208096216862
 -122.91860333187,49.215199496661,-122.91777863011,49.214541802778
 -122.92919065214,49.20246866128,-122.92866536546,49.20274844361
 -122.93189058919,49.20457782853,-122.93302525687,49.20397895366
 -122.89865598197,49.225160798095,-122.89864524041,49.225618187131
 -122.89295344744,49.222782961819,-122.89292946034,49.223652780322
 -122.93213849409,49.192332426987,-122.93296367704,49.193251474516
 -122.9249338683,49.203169764587,-122.92640096303,49.202371832546
 -122.93939237895,49.21260734675,-122.94093857376,49.211775894934
 -122.93576107392,49.187403559308,-122.9345466974,49.187893972663
 -122.89633047091,49.226499801674,-122.89748323955,49.226510444593
 -122.91459616365,49.203708374156,-122.91403499677,49.204106766229
 -122.91628327731,49.215344512848,-122.91539714873,49.214641248509
 -122.90621761402,49.220751508536,-122.9039415092,49.220279177343
 -122.93320285895,49.206208591038,-122.93144897086,49.204811982015
 -122.9042683988,49.229078289145,-122.90542068851,49.228472695121
 -122.89845249224,49.232801677152,-122.89846528784,49.232235125897
 -122.91726980779,49.207303669207,-122.91620104565,49.207882963825
 -122.93660390588,49.210392468095,-122.9384620454,49.21186662747
 -122.90657314638,49.222761355457,-122.90474571074,49.223738284679
 -122.93413708737,49.212955923605,-122.93507788122,49.213691064111
 -122.95242022721,49.198497472197,-122.95313234508,49.198111058731
 -122.91661137937,49.221179971368,-122.91845892399,49.22265004884
 -122.91036626428,49.216183884196,-122.90988216038,49.215800754774
 -122.90316353642,49.228179055684,-122.90431857742,49.227574472441
 -122.91470741315,49.20868387997,-122.91422640152,49.208301975001
 -122.93054165876,49.207641173412,-122.92879272342,49.206240856398
 -122.91768959178,49.219378373551,-122.91860822932,49.220109534257
 -122.93374652916,49.18696535102,-122.9345466974,49.187893972663
 -122.93290965656,49.207463672931,-122.93445898656,49.20661731648
 -122.91976329004,49.200821602897,-122.9202489406,49.201211974682
 -122.94543003216,49.201842929651,-122.94617941764,49.201436690055
 -122.95730037967,49.181833437938,-122.95732923526,49.176196458025
 -122.93414581861,49.210498901355,-122.93569498737,49.2096675553
 -122.92625837385,49.20502437149,-122.92440052131,49.203461752262
 -122.90314273946,49.208489695928,-122.90372784335,49.208174633832
 -122.95335833957,49.204407490821,-122.95382114155,49.204776574786
 -122.9236789532,49.207070768956,-122.92599204881,49.205809056011
 -122.91190205269,49.222408255755,-122.91196349135,49.222467513957
 -122.93894457385,49.20791628414,-122.94065024035,49.206994902014
 -122.936905746,49.19033879341,-122.93582089641,49.190796406421
 -122.91190205269,49.222408255755,-122.910551432,49.223169788155
 -122.9140795524,49.211602254544,-122.91215147648,49.210062095513
 -122.91076880328,49.219412235559,-122.9100127541,49.218708968754
 -122.91696091132,49.205594739178,-122.91352832183,49.202850299717
 -122.92393025479,49.216022872794,-122.92199215586,49.214479776516
 -122.92006237505,49.21095655765,-122.92093891971,49.211649867286
 -122.89748323955,49.226510444593,-122.89862089072,49.226521364982
 -122.9130847163,49.202496663735,-122.91031200666,49.203967975022
 -122.89284659759,49.227168325014,-122.89284285471,49.226930902364
 -122.91136050164,49.226644566091,-122.91214719684,49.227285776381
 -122.93364901737,49.188250539673,-122.93351273334,49.191757670822
 -122.90560535686,49.225820830478,-122.90460333842,49.22634758948
 -122.94524315226,49.181125986129,-122.9402155604,49.183107672524
 -122.89295344744,49.222782961819,-122.89581006239,49.222846275559
 -122.9295739924,49.193381494186,-122.93047375871,49.194296089148
 -122.91845892399,49.22265004884,-122.92045605544,49.221581416191
 -122.95335833957,49.204407490821,-122.95535379197,49.203330584241
 -122.91418625699,49.202513121216,-122.91579571577,49.20166291847
 -122.93047009216,49.212486191525,-122.93229839556,49.211495541074
 -122.90560535686,49.225820830478,-122.90465652494,49.225051754846
 -122.94101518701,49.204224589312,-122.94197305386,49.204989506506
 -122.91397577529,49.22133317564,-122.91261543154,49.21953964048
 -122.91418625699,49.202513121216,-122.91137667528,49.204054338512
 -122.91976329004,49.200821602897,-122.9199953441,49.20069161532
 -122.93054165876,49.207641173412,-122.93133646086,49.208264942283
 -122.90481273336,49.209072554238,-122.90541447994,49.208754153795
 -122.92003944213,49.205816683536,-122.91862439894,49.204697202139
 -122.95159550222,49.184218793149,-122.9492471819,49.181717826209
 -122.8828312585,49.231372774003,-122.88627231363,49.231567828051
 -122.94320268663,49.20684534325,-122.94497925072,49.205889729971
 -122.90474571074,49.223738284679,-122.90569195621,49.224505913907
 -122.91233368468,49.215122170862,-122.91452140958,49.213942610344
 -122.92393025479,49.216022872794,-122.92264936564,49.21670937661
 -122.91040754935,49.213583969513,-122.90847602618,49.212046540018
 -122.91043144088,49.227135200404,-122.90705565032,49.225612797306
 -122.91146183324,49.202714975835,-122.9109162685,49.202266232348
 -122.92115314681,49.213812431555,-122.91944110238,49.212451553685
 -122.88756140963,49.231556784433,-122.88752743877,49.232862918215
 -122.95484620408,49.200400909816,-122.95538087129,49.200120578377
 -122.91185602003,49.214735891789,-122.91040754935,49.213583969513
 -122.9362736819,49.20806389434,-122.93968427487,49.206224005111
 -122.94703025596,49.204780891476,-122.94795053874,49.205515770346
 -122.89988833511,49.233900036423,-122.89845249224,49.232801677152
 -122.93034277608,49.205409116106,-122.93144897086,49.204811982015
 -122.91620104565,49.207882963825,-122.91551627841,49.207338420701
 -122.95476830473,49.182895290397,-122.95224957107,49.180469829304
 -122.89292946034,49.223652780322,-122.89290375208,49.224609405019
 -122.91836749841,49.206713107694,-122.91726980779,49.207303669207
 -122.92920476164,49.203450371055,-122.92717805708,49.202924542978
 -122.9569031102,49.18200516958,-122.95458845245,49.179500202991
 -122.91092575439,49.20569713381,-122.91037401902,49.20522973869
 -122.89846528784,49.232235125897,-122.89709719751,49.232220566388
 -122.91768959178,49.219378373551,-122.92137037494,49.217396419749
 -122.94397229654,49.199332955091,-122.94541115662,49.200105800116
 -122.95645817044,49.201663770212,-122.95822977719,49.200704835371
 -122.91940327985,49.210429991344,-122.91813235598,49.20941826274
 -122.90854450733,49.226827784955,-122.90753830631,49.227356912874
 -122.90714585785,49.21013874458,-122.9058870537,49.209140804798
 -122.92640644773,49.207531509384,-122.92512312289,49.208227955562
 -122.9256748783,49.212496194745,-122.93221712516,49.208964866981
 -122.91259587072,49.202104240943,-122.91150001431,49.201232493914
 -122.90868974922,49.209303265894,-122.90714585785,49.21013874458
 -122.88937400678,49.225289270045,-122.88818201333,49.226393852768
 -122.95115416839,49.198047035366,-122.95125386957,49.197450076934
 -122.90608513928,49.230559505799,-122.9093327503,49.228799568525
 -122.92003944213,49.205816683536,-122.92065788079,49.20548048715
 -122.91070271242,49.208917060748,-122.91017993163,49.208496554619
 -122.92505531227,49.220331701329,-122.92137866795,49.222314297892
 -122.94940449707,49.198151994113,-122.94914871359,49.198197783934
 -122.93317176787,49.209721744493,-122.93266962108,49.209370171542
 -122.93569498737,49.2096675553,-122.93660390588,49.210392468095
 -122.89582321881,49.222001579368,-122.89297882245,49.221969570003
 -122.8985396192,49.229531028954,-122.89738432343,49.230156764828
 -122.89569232132,49.233920745167,-122.89565573356,49.232537284425
 -122.95089926797,49.181043345323,-122.94936421164,49.179469469517
 -122.92744140206,49.201781293558,-122.92781795463,49.201489164196
 -122.89587428008,49.220500648206,-122.89582321881,49.222001579368
 -122.95203821554,49.178383096344,-122.95304934641,49.17802497566
 -122.94195088997,49.184834055292,-122.9402155604,49.183107672524
 -122.90324904106,49.232089816631,-122.90426078184,49.23154383798
 -122.91403499677,49.204106766229,-122.91488015795,49.20478321877
 -122.91738485879,49.202078853815,-122.91976329004,49.200821602897
 -122.88765864869,49.227845950478,-122.88894811449,49.227861886543
 -122.91210089576,49.202369927444,-122.91146183324,49.202714975835
 -122.95291556025,49.201449969857,-122.95211098178,49.200817268443
 -122.93108159775,49.195009543361,-122.92912803099,49.194905924325
 -122.90259570357,49.2252093327,-122.90254041509,49.227267762303
 -122.9236789532,49.207070768956,-122.92319409464,49.206686331435
 -122.90150526463,49.233029540768,-122.90069783635,49.233462814724
 -122.89997002671,49.225176853096,-122.89999129789,49.224216623205
 -122.91074793972,49.209948403914,-122.9109309203,49.209848926825
 -122.93221712516,49.208964866981,-122.93375448897,49.208124306137
 -122.91486214307,49.223911198259,-122.91612415479,49.224242077781
 -122.94249430947,49.208461206539,-122.94341591478,49.209193061529
 -122.9384620454,49.21186662747,-122.93939237895,49.21260734675
 -122.91575738261,49.217844887253,-122.91672326193,49.218609720139
 -122.91133916668,49.203446554946,-122.91174832852,49.203730873278
 -122.94064611339,49.205711468432,-122.94149535219,49.205251210349
 -122.93986936263,49.208647856152,-122.94157341433,49.207727642549
 -122.90094240751,49.220572737348,-122.90229920561,49.220596038344
 -122.91639291478,49.205141438758,-122.91805748561,49.204244202046
 -122.94849504808,49.190062767398,-122.9488505124,49.197918399256
 -122.93530294292,49.20729230704,-122.93580793594,49.207675849415
 -122.90638175088,49.205458020881,-122.90685971938,49.205846920429
 -122.94003212564,49.202181606025,-122.94089509926,49.201908800595
 -122.9216114921,49.202321314823,-122.92103393329,49.202700949469
 -122.89285644621,49.226451385554,-122.89284659759,49.227168325014
 -122.92593763176,49.194775681805,-122.9249182325,49.195108071466
 -122.91805748561,49.204244202046,-122.91864120401,49.203923006683
 -122.90638175088,49.205458020881,-122.90579964305,49.205015188595
 -122.91419932573,49.201241955354,-122.91480889362,49.200913296309
 -122.95049064338,49.199548466956,-122.95242022721,49.198497472197
 -122.89453619683,49.220486437023,-122.89587428008,49.220500648206
 -122.94666211755,49.186278631514,-122.94242516637,49.188044983315
 -122.91151940471,49.220126757934,-122.9105651768,49.220643745115
 -122.95565437947,49.201030881517,-122.95484620408,49.200400909816
 -122.90707725383,49.204312457485,-122.90671400052,49.204518362996
 -122.9132133227,49.215819492602,-122.91539714873,49.214641248509
 -122.91296004575,49.218247946165,-122.91475886764,49.219674626696
 -122.92512312289,49.208227955562,-122.92464431843,49.207837147774
 -122.90452107897,49.21648359187,-122.90206397455,49.217752003593
 -122.9563841339,49.178804665078,-122.95487808894,49.177276721256
 -122.89019328802,49.229670188741,-122.89013761162,49.231587663892
 -122.9413842391,49.193149584617,-122.9412562785,49.193039658027
 -122.91273708293,49.207117087028,-122.91017993163,49.208496554619
 -122.92049914617,49.202985228989,-122.92103393329,49.202700949469
 -122.90240049293,49.208891534876,-122.90314273946,49.208489695928
 -122.9110225869,49.201488392494,-122.91038260701,49.201828949201
 -122.91259587072,49.202104240943,-122.91317478682,49.201792242859
 -122.92126122973,49.205152487157,-122.9224442002,49.204516872964
 -122.916641634,49.210225030197,-122.9140795524,49.211602254544
 -122.88668645128,49.227782473962,-122.88626728497,49.228167955181
 -122.90229920561,49.220596038344,-122.9022683789,49.221731676158
 -122.93986936263,49.208647856152,-122.94079282748,49.209381905382
 -122.93819389397,49.186389583662,-122.93695478016,49.186906245839
 -122.90522319776,49.207367848522,-122.90473902595,49.206988312985
 -122.91550201303,49.200143248834,-122.91412993027,49.200312545004
 -122.93705074487,49.20413144095,-122.93630173102,49.203541722249
 -122.91038260701,49.201828949201,-122.9088520404,49.202659162033
 -122.89263829333,49.233883346112,-122.89259678876,49.234788155206
 -122.92649293103,49.20620729802,-122.92599204881,49.205809056011
 -122.88761190697,49.229640645744,-122.88889797472,49.22966023472
 -122.9042683988,49.229078289145,-122.90608513928,49.230559505799
 -122.92837750452,49.203877501137,-122.92920476164,49.203450371055
 -122.95075752329,49.204746028731,-122.95155890653,49.205377702437
 -122.89624524017,49.22939552117,-122.8962226122,49.230300816063
 -122.91066046243,49.210870927265,-122.91000348569,49.210353119821
 -122.90365049262,49.215792261772,-122.90613340231,49.217760333131
 -122.9097615429,49.20133445624,-122.90820268828,49.202176715525
 -122.88668645128,49.227782473962,-122.88765864869,49.227845950478
 -122.94428222126,49.183832120976,-122.94681754507,49.18277255819
 -122.89651904681,49.232124876546,-122.89569232132,49.233920745167
 -122.91672326193,49.218609720139,-122.92040323414,49.216627022714
 -122.89271247723,49.23164787126,-122.89273969935,49.230739057176
 -122.95155197178,49.181727491158,-122.95215738078,49.182410535098
 -122.92781795463,49.201489164196,-122.92791143473,49.201527443616
 -122.93472908827,49.208899645164,-122.9362736819,49.20806389434
 -122.93506208908,49.211226913055,-122.93598142685,49.211957722022
 -122.90843658328,49.21464989778,-122.90702145307,49.213525079315
 -122.92920476164,49.203450371055,-122.93027643886,49.203568444872
 -122.90269445514,49.223765591943,-122.90260624138,49.22487264878
 -122.95322273125,49.199129752594,-122.95405144129,49.199778233816
 -122.91185500999,49.204429275048,-122.91037401902,49.20522973869
 -122.91754382707,49.221914903101,-122.91924973584,49.223279621004
 -122.90868974922,49.209303265894,-122.90780619615,49.208604490797
 -122.94149535219,49.205251210349,-122.94197305386,49.204989506506
 -122.89501643959,49.232098421318,-122.89497100629,49.233062112694
 -122.90150526463,49.233029540768,-122.90231094505,49.232594303193
 -122.89869217212,49.223719208761,-122.89873145594,49.220124042077
 -122.94902640943,49.200349381774,-122.95049064338,49.199548466956
 -122.94936421164,49.179469469517,-122.95203821554,49.178383096344
 -122.90782514687,49.203216561267,-122.90717751768,49.202722298687
 -122.94299162796,49.192366220785,-122.94288590363,49.192417717109
 -122.94610498824,49.204048604289,-122.94511670845,49.203294753921
 -122.94228142931,49.206114165572,-122.94320268663,49.20684534325
 -122.93582089641,49.190796406421,-122.93893988442,49.194000507295
 -122.89581006239,49.222846275559,-122.89582321881,49.222001579368
 -122.9130847163,49.202496663735,-122.91466649811,49.201623445006
 -122.92126122973,49.205152487157,-122.92065788079,49.20548048715
 -122.93569498737,49.2096675553,-122.93724177588,49.208834945711
 -122.95535379197,49.203330584241,-122.95726268303,49.202293896449
 -122.88761190697,49.229640645744,-122.88756140963,49.231556784433
 -122.94934791746,49.201227880326,-122.94597385456,49.198621072989
 -122.91518932946,49.203322841822,-122.91418625699,49.202513121216
 -122.891523825,49.227877446335,-122.89147802975,49.229683948489
 -122.9384620454,49.21186662747,-122.93908262762,49.211529068303
 -122.90734820405,49.20622220663,-122.90782510351,49.206604139812
 -122.89840412609,49.234700593597,-122.89850956975,49.230680829533
 -122.89869217212,49.223719208761,-122.89866838744,49.224666673812
 -122.93582089641,49.190796406421,-122.93451924892,49.191339112636
 -122.90460333842,49.22634758948,-122.90647304235,49.227918074775
 -122.94736183201,49.203372086232,-122.94543003216,49.201842929651
 -122.94197305386,49.204989506506,-122.94309430452,49.204385219713
 -122.94736183201,49.203372086232,-122.94835453401,49.202836313803
 -122.90820268828,49.202176715525,-122.90717751768,49.202722298687
 -122.90490548044,49.221459280333,-122.90229920561,49.220596038344
 -122.90301597953,49.211754103287,-122.90159172948,49.210628588459
 -122.93695478016,49.186906245839,-122.93576107392,49.187403559308
 -122.92564206427,49.210275034983,-122.9240132273,49.211165521285
 -122.88627231363,49.231567828051,-122.88756140963,49.231556784433
 -122.94991074007,49.199087467518,-122.95115416839,49.198047035366
 -122.92953830909,49.205842862552,-122.93034277608,49.205409116106
 -122.91860822932,49.220109534257,-122.91952395802,49.220838073307
 -122.93138727983,49.213214640165,-122.93230649197,49.213943308394
 -122.89893463796,49.212109814071,-122.89959550416,49.21245476774
 -122.9263985612,49.209234653909,-122.92762635548,49.210221441152
 -122.92504059176,49.205050487137,-122.9245554496,49.204665387559
 -122.90270297892,49.210017189047,-122.90192752888,49.210433011542
 -122.91777863011,49.214541802778,-122.91689231556,49.213838074729
 -122.91855578457,49.211748708681,-122.91762794861,49.212225555601
 -122.9135145044,49.211911334572,-122.91544871699,49.21344654631
 -122.92640096303,49.202371832546,-122.92226264124,49.200848399097
 -122.9093327503,49.228799568525,-122.90753830631,49.227356912874
 -122.92511594154,49.192516008471,-122.92695127716,49.194406154934
 -122.91550201303,49.200143248834,-122.91547805692,49.200549866729
 -122.91422640152,49.208301975001,-122.91374828223,49.20792139067
 -122.90734820405,49.20622220663,-122.90685971938,49.205846920429
 -122.92949883462,49.211714060089,-122.92295821683,49.215248187428
 -122.92283602286,49.218566630328,-122.92355790111,49.219138528838
 -122.91307079684,49.212791341302,-122.91088654501,49.213969753748
 -122.91150001431,49.201232493914,-122.91202530124,49.200947819656
 -122.95111794517,49.205032385161,-122.94887189823,49.206248772143
 -122.95563726587,49.182533532108,-122.9569031102,49.18200516958
 -122.91137667528,49.204054338512,-122.91185500999,49.204429275048
 -122.9088520404,49.202659162033,-122.90937320383,49.203096326344
 -122.94406066846,49.205155247475,-122.94309430452,49.204385219713
 -122.90834254325,49.203623817811,-122.90782514687,49.203216561267
 -122.91762794861,49.212225555601,-122.91720320197,49.212495449606
 -122.92560961441,49.208605503632,-122.9263985612,49.209234653909
 -122.92319409464,49.206686331435,-122.92258120776,49.207017006648
 -122.92006237505,49.21095655765,-122.91940327985,49.210429991344
 -122.89858004309,49.227974315916,-122.89744183913,49.227960866075
 -122.89386848071,49.216506954685,-122.89662901468,49.219325447627
 -122.91397577529,49.22133317564,-122.9157006666,49.220450640233
 -122.92223153358,49.205919122753,-122.92175210236,49.205538197215
 -122.9362736819,49.20806389434,-122.93580793594,49.207675849415
 -122.92744932216,49.206968120185,-122.92697239272,49.206588260518
 -122.90615004196,49.208102417019,-122.90624504281,49.208175710451
 -122.92697239272,49.206588260518,-122.92649293103,49.20620729802
 -122.94832994767,49.180774360449,-122.94785317829,49.181269807027
 -122.91836749841,49.206713107694,-122.91944625055,49.206133341129
 -122.95484620408,49.200400909816,-122.95405144129,49.199778233816
 -122.94110420088,49.201024449768,-122.94219339187,49.200246316225
 -122.89850956975,49.230680829533,-122.8985396192,49.229531028954
 -122.93296367704,49.193251474516,-122.9338860312,49.194113346178
 -122.91720320197,49.212495449606,-122.91342976837,49.209377533215
 -122.91550201303,49.200143248834,-122.91801335098,49.20025909403
 -122.9164442881,49.201320726025,-122.91579571577,49.20166291847
 -122.89454403766,49.214549249422,-122.89386848071,49.216506954685
 -122.94079282748,49.209381905382,-122.94249430947,49.208461206539
 -122.94065024035,49.206994902014,-122.94228142931,49.206114165572
 -122.94682550639,49.207353046789,-122.94887189823,49.206248772143
 -122.95015909781,49.201865957798,-122.95211098178,49.200817268443
 -122.91675599915,49.202419949389,-122.91627229987,49.202043385692
 -122.91926079572,49.203571433823,-122.91738485879,49.202078853815
 -122.94797873755,49.185726684281,-122.94920133319,49.185216465764
 -122.91150001431,49.201232493914,-122.9110225869,49.201488392494
 -122.90847602618,49.212046540018,-122.90649851724,49.213113532235
 -122.93712711969,49.194595669403,-122.93108159775,49.195009543361
 -122.94775417607,49.180182100469,-122.94936421164,49.179469469517
 -122.91371732197,49.202140791878,-122.91468640988,49.202903391224
 -122.95111794517,49.205032385161,-122.95009318016,49.204217336476
 -122.90892248785,49.204083405617,-122.90834254325,49.203623817811
 -122.92284710028,49.201657150242,-122.92193676324,49.200924699654
 -122.89959550416,49.21245476774,-122.90274715073,49.215070527582
 -122.93296367704,49.193251474516,-122.93047375871,49.194296089148
 -122.9240132273,49.211165521285,-122.92182134669,49.212347254425
 -122.93967393397,49.203840943375,-122.94052892223,49.204493481057
 -122.92019334118,49.209632128871,-122.9192069224,49.20883986119
 -122.901324838,49.223749730055,-122.90269445514,49.223765591943
 -122.89302884425,49.2204652272,-122.89295344744,49.222782961819
 -122.9156765632,49.20945525496,-122.91470741315,49.20868387997
 -122.91076880328,49.219412235559,-122.91022336584,49.219710410165
 -122.92359659128,49.203902644172,-122.9216114921,49.202321314823
 -122.93445898656,49.20661731648,-122.9336413434,49.205972150595
 -122.93366330926,49.210114945639,-122.9352117536,49.209283378912
 -122.91791140738,49.21123579286,-122.91402882384,49.208144935831
 -122.90701677151,49.220319445977,-122.90621761402,49.220751508536
 -122.88889797472,49.22966023472,-122.89019328802,49.229670188741
 -122.8962226122,49.230300816063,-122.89275322576,49.230255678072
 -122.92695127716,49.194406154934,-122.92593763176,49.194775681805
 -122.94341591478,49.209193061529,-122.94435217482,49.209933599282
 -122.93197428898,49.18895867564,-122.92596366568,49.19198118164
 -122.93034277608,49.205409116106,-122.92936867178,49.20462828783
 -122.94055017256,49.188825520894,-122.93819389397,49.186389583662
 -122.90219452763,49.206953210591,-122.90369249174,49.20615307847
 -122.89271247723,49.23164787126,-122.89142719564,49.23160134154
 -122.89023424747,49.227868623584,-122.89019328802,49.229670188741
 -122.9157702179,49.205480669427,-122.91529915787,49.205731097614
 -122.91094245304,49.218209302756,-122.91211780271,49.217578458356
 -122.93931945704,49.189338979631,-122.93695478016,49.186906245839
 -122.9378801428,49.20479171122,-122.93871864992,49.205459580414
 -122.94849504808,49.190062767398,-122.9504633808,49.18715098914
 -122.91378687451,49.218905157486,-122.91211780271,49.217578458356
 -122.90989008908,49.204853452308,-122.91037401902,49.20522973869
 -122.92951571105,49.215449143069,-122.92858387107,49.214729147948
 -122.9245554496,49.204665387559,-122.92407505659,49.204282144768
 -122.92879272342,49.206240856398,-122.92685372729,49.204702024886
 -122.91088654501,49.213969753748,-122.90892135429,49.212490352406
 -122.93724177588,49.208834945711,-122.9362736819,49.20806389434
 -122.89555209846,49.231123984839,-122.89421193606,49.231831466517
 -122.90431857742,49.227574472441,-122.90542068851,49.228472695121
 -122.89651904681,49.232124876546,-122.89606755755,49.231546874176
 -122.95211098178,49.200817268443,-122.95405144129,49.199778233816
 -122.94920133319,49.185216465764,-122.95159550222,49.184218793149
 -122.91259294558,49.212405117149,-122.9115547515,49.212973084347
 -122.91196864652,49.206529735497,-122.91148550056,49.206156454619
 -122.94415367159,49.202529384223,-122.94511670845,49.203294753921
 -122.89850956975,49.230680829533,-122.90150526463,49.233029540768
 -122.93569498737,49.2096675553,-122.9352117536,49.209283378912
 -122.91835323565,49.202850752711,-122.91787971341,49.202471359555
 -122.90192752888,49.210433011542,-122.90096408266,49.209667459468
 -122.94703025596,49.204780891476,-122.94920859073,49.203517194074
 -122.91459616365,49.203708374156,-122.91518932946,49.203322841822
 -122.93047009216,49.212486191525,-122.93138727983,49.213214640165
 -122.92837750452,49.203877501137,-122.92717805708,49.202924542978
 -122.93320285895,49.206208591038,-122.9336413434,49.205972150595
 -122.91677950407,49.223554806017,-122.91845892399,49.22265004884
 -122.93317176787,49.209721744493,-122.93472908827,49.208899645164
 -122.910551432,49.223169788155,-122.90847758916,49.224303195564
 -122.89278054609,49.229358519907,-122.89276916698,49.229718796466
 -122.89555209846,49.231123984839,-122.89606755755,49.231546874176
 -122.94824798032,49.188154829459,-122.94820549091,49.188026765596
 -122.89147802975,49.229683948489,-122.89019328802,49.229670188741
 -122.91017993163,49.208496554619,-122.90868974922,49.209303265894
 -122.92464431843,49.207837147774,-122.92417048026,49.207460823654
 -122.90840814158,49.219566137468,-122.90701677151,49.220319445977
 -122.91214719684,49.227285776381,-122.9093327503,49.228799568525
 -122.89284285471,49.226930902364,-122.89281778726,49.227891278115
 -122.94412362233,49.207581445446,-122.94590547366,49.206620919065
 -122.90132169317,49.210796313612,-122.9008018973,49.210383008921
 -122.88627231363,49.231567828051,-122.88621687476,49.232548706091
 -122.91412993027,49.200312545004,-122.91480889362,49.200913296309
 -122.91926079572,49.203571433823,-122.92049914617,49.202985228989
 -122.94219339187,49.200246316225,-122.94397229654,49.199332955091
 -122.93691100117,49.212696512482,-122.9384620454,49.21186662747
 -122.91136050164,49.226644566091,-122.91043144088,49.227135200404
 -122.90834254325,49.203623817811,-122.90937320383,49.203096326344
 -122.91675599915,49.202419949389,-122.91724468197,49.202819617235
 -122.90579964305,49.205015188595,-122.90528374244,49.204607998445
 -122.91092575439,49.20569713381,-122.90839654913,49.207062557442
 -122.91133916668,49.203446554946,-122.91371732197,49.202140791878
 -122.91987716219,49.221118977609,-122.91915726669,49.220548017475
 -122.92625837385,49.20502437149,-122.92551486955,49.205428476758
 -122.91202530124,49.200947819656,-122.91233770182,49.200778515499
 -122.93046427528,49.216171278824,-122.92951571105,49.215449143069
 -122.93724177588,49.208834945711,-122.93894457385,49.20791628414
 -122.92686361197,49.209615595777,-122.93047009216,49.212486191525
 -122.90988216038,49.215800754774,-122.9094065845,49.215421219103
 -122.94415367159,49.202529384223,-122.94219339187,49.200246316225
 -122.9088520404,49.202659162033,-122.90820268828,49.202176715525
 -122.93366330926,49.210114945639,-122.93317176787,49.209721744493
 -122.93813942353,49.189827589304,-122.936905746,49.19033879341
 -122.92858387107,49.214729147948,-122.92126773128,49.209014205235
 -122.90782510351,49.206604139812,-122.9042039767,49.208559666583
 -122.93724177588,49.208834945711,-122.93816225514,49.20956764165
 -122.95371799725,49.20208108876,-122.95291556025,49.201449969857
 -122.94299162796,49.192366220785,-122.94487938952,49.191571780255
 -122.91544871699,49.21344654631,-122.91452140958,49.213942610344
 -122.91777863011,49.214541802778,-122.91908964879,49.213824456134
 -122.95256182904,49.20377475116,-122.95176325008,49.20314277147
 -122.94055017256,49.188825520894,-122.93931945704,49.189338979631
 -122.9153609073,49.210914201153,-122.92842201097,49.203867928045
 -122.93414581861,49.210498901355,-122.93506208908,49.211226913055
 -122.90854450733,49.226827784955,-122.90951999082,49.227617177665
 -122.94120979222,49.188552191173,-122.94055017256,49.188825520894
 -122.9130847163,49.202496663735,-122.91259587072,49.202104240943
 -122.89278054609,49.229358519907,-122.89624524017,49.22939552117
 -122.93133646086,49.208264942283,-122.93221712516,49.208964866981
 -122.94397229654,49.199332955091,-122.94597385456,49.198621072989
 -122.94037620105,49.202336666135,-122.94129934819,49.202960944134
 -122.91518932946,49.203322841822,-122.91561453648,49.203690575246
 -122.92045605544,49.221581416191,-122.92137866795,49.222314297892
 -122.94775417607,49.180182100469,-122.94832994767,49.180774360449
 -122.91146183324,49.202714975835,-122.9108547426,49.203044518563
 -122.92258120776,49.207017006648,-122.92065788079,49.20548048715
 -122.89893463796,49.212109814071,-122.898468634,49.213649991907
 -122.89975481686,49.208092508387,-122.90191010248,49.206410066484
 -122.93351273334,49.191757670822,-122.93213849409,49.192332426987
 -122.9504633808,49.18715098914,-122.95102534289,49.187196854886
 -122.95726268303,49.202293896449,-122.95645817044,49.201663770212
 -122.90260624138,49.22487264878,-122.90259570357,49.2252093327
 -122.9109162685,49.202266232348,-122.90937320383,49.203096326344
 -122.89424776716,49.235712969728,-122.89418835203,49.237904133423
 -122.92210267005,49.21798268563,-122.92283602286,49.218566630328
 -122.92759797557,49.20430842782,-122.92837750452,49.203877501137
 -122.92685372729,49.204702024886,-122.92759797557,49.20430842782
 -122.91779951959,49.207728504679,-122.91726980779,49.207303669207
 -122.90939558073,49.204465096479,-122.90892248785,49.204083405617
 -122.95129326357,49.200176338603,-122.95211098178,49.200817268443
 -122.93820510793,49.210834598734,-122.93908262762,49.211529068303
 -122.91836749841,49.206713107694,-122.91639291478,49.205141438758
 -122.89628615389,49.227946921573,-122.89627496985,49.228491419882
 -122.95353919221,49.179943960018,-122.95317134841,49.179560969076
 -122.89013761162,49.231587663892,-122.89009296035,49.233220010127
 -122.91952395802,49.220838073307,-122.92045605544,49.221581416191
 -122.93144897086,49.204811982015,-122.93189058919,49.20457782853
 -122.91855578457,49.211748708681,-122.92032881463,49.21315644529
 -122.89662901468,49.219325447627,-122.89591127908,49.219896228835
 -122.93142503872,49.216900486925,-122.92762325479,49.218946612181
 -122.90236362225,49.227529394035,-122.90351554471,49.226922465655
 -122.91529915787,49.205731097614,-122.91488015795,49.20478321877
 -122.93813942353,49.189827589304,-122.9412562785,49.193039658027
 -122.90453914112,49.221804922811,-122.90410745399,49.222265816652
 -122.91933383063,49.207481860523,-122.91696091132,49.205594739178
 -122.9492471819,49.181717826209,-122.94832994767,49.180774360449
 -122.94610498824,49.204048604289,-122.94736183201,49.203372086232
 -122.93302525687,49.20397895366,-122.93530645374,49.202737590223
 -122.91860333187,49.215199496661,-122.91492624315,49.217194927041
 -122.92393025479,49.216022872794,-122.92762325479,49.218946612181
 -122.90695341497,49.207922998308,-122.90780619615,49.208604490797
 -122.92417048026,49.207460823654,-122.92292725881,49.20812039917
 -122.95458845245,49.179500202991,-122.95304934641,49.17802497566
 -122.88894811449,49.227861886543,-122.89023424747,49.227868623584
 -122.9022683789,49.221731676158,-122.90225044595,49.222551396388
 -122.9113719655,49.214353492673,-122.91355651309,49.213173912754
 -122.92271230961,49.206301639342,-122.92560961441,49.208605503632
 -122.94412362233,49.207581445446,-122.94504500869,49.208308466867
 -122.94212767773,49.203616751508,-122.94415367159,49.202529384223
 -122.91409511002,49.200206436588,-122.91399743797,49.199908787531
 -122.92284710028,49.201657150242,-122.9216114921,49.202321314823
 -122.9157006666,49.220450640233,-122.91378687451,49.218905157486
 -122.95096695119,49.202505082335,-122.95291556025,49.201449969857
 -122.93968427487,49.206224005111,-122.94064611339,49.205711468432
 -122.90840814158,49.219566137468,-122.91190205269,49.222408255755
 -122.9115547515,49.212973084347,-122.90939354883,49.214136143824
 -122.93321312806,49.212226388236,-122.93413708737,49.212955923605
 -122.9157006666,49.220450640233,-122.91661137937,49.221179971368
 -122.94064611339,49.205711468432,-122.93967904268,49.20494093955
 -122.92359659128,49.203902644172,-122.92295140244,49.20423750993
 -122.9256748783,49.212496194745,-122.92199215586,49.214479776516
 -122.95565437947,49.201030881517,-122.95648154636,49.200588039864
 -122.93507788122,49.213691064111,-122.93600715094,49.214429511531
 -122.90231094505,49.232594303193,-122.90324904106,49.232089816631
 -122.91695346655,49.224686504304,-122.91792739003,49.224174578124
 -122.9140795524,49.211602254544,-122.91601119417,49.213136893727
 -122.94435217482,49.209933599282,-122.94598063921,49.209056649823
 -122.91539714873,49.214641248509,-122.91452140958,49.213942610344
 -122.93405318771,49.18808672346,-122.93364901737,49.188250539673
 -122.90338999854,49.223028007818,-122.90378425327,49.222609910225
 -122.94598063921,49.209056649823,-122.94775936625,49.208096216862
 -122.89290375208,49.224609405019,-122.89866838744,49.224666673812
 -122.90649744801,49.210479349858,-122.90586891902,49.210824027255
 -122.92389025463,49.208886952578,-122.92564206427,49.210275034983
 -122.9249338683,49.203169764587,-122.92284710028,49.201657150242
 -122.91724468197,49.202819617235,-122.91561453648,49.203690575246
 -122.93784287981,49.213439616136,-122.93939237895,49.21260734675
 -122.89281778726,49.227891278115,-122.891523825,49.227877446335
 -122.89988833511,49.233900036423,-122.90069783635,49.233462814724
 -122.90410820028,49.211213500692,-122.90301597953,49.211754103287
 -122.90159172948,49.210628588459,-122.90055261396,49.211238579312
 -122.94000330276,49.211033616659,-122.94040458303,49.211347189589
 -122.92014744161,49.200390398588,-122.9199953441,49.20069161532
 -122.90181606111,49.209212268612,-122.90126253352,49.209506341267
 -122.94249270371,49.192660255194,-122.94242918398,49.192553181094
 -122.91408869763,49.21652917469,-122.9132133227,49.215819492602
 -122.94920859073,49.203517194074,-122.95009318016,49.204217336476
 -122.93931945704,49.189338979631,-122.93813942353,49.189827589304
 -122.94341591478,49.209193061529,-122.94504500869,49.208308466867
 -122.94934791746,49.201227880326,-122.95129326357,49.200176338603
 -122.93451924892,49.191339112636,-122.93351273334,49.191757670822
 -122.91070271242,49.208917060748,-122.91328326068,49.207551953939
 -122.89744183913,49.227960866075,-122.89628615389,49.227946921573
 -122.92292725881,49.20812039917,-122.92197165166,49.207356363098
 -122.90490548044,49.221459280333,-122.90453914112,49.221804922811
 -122.9249182325,49.195108071466,-122.92349651428,49.193642759081
 -122.90925230204,49.210765754963,-122.9089677759,49.210581825704
 -122.89569232132,49.233920745167,-122.89263829333,49.233883346112
 -122.95256182904,49.20377475116,-122.95452550115,49.202710536283
 -122.91601119417,49.213136893727,-122.91544871699,49.21344654631
 -122.9224442002,49.204516872964,-122.92049914617,49.202985228989
 -122.93967393397,49.203840943375,-122.94129934819,49.202960944134
 -122.95176325008,49.20314277147,-122.95096695119,49.202505082335
 -122.93416610091,49.215422302524,-122.93323872708,49.214680487174
 -122.91908964879,49.213824456134,-122.92071317663,49.215169339419
 -122.89147802975,49.229683948489,-122.89142719564,49.23160134154
 -122.88626728497,49.228167955181,-122.8828312585,49.231372774003
 -122.95129326357,49.200176338603,-122.95049064338,49.199548466956
 -122.95176325008,49.20314277147,-122.95009318016,49.204217336476
 -122.94849504808,49.190062767398,-122.94487938952,49.191571780255
 -122.91259294558,49.212405117149,-122.91307079684,49.212791341302
 -122.92197165166,49.207356363098,-122.92099635584,49.206584202588
 -122.94079282748,49.209381905382,-122.94171040246,49.210112167938
 -122.90128563799,49.225194277959,-122.89997002671,49.225176853096
 -122.94264600968,49.210856920772,-122.94435217482,49.209933599282
 -122.9391091821,49.210318067517,-122.94079282748,49.209381905382
 -122.95291556025,49.201449969857,-122.95484620408,49.200400909816
 -122.91261543154,49.21953964048,-122.91378687451,49.218905157486
 -122.92560961441,49.208605503632,-122.92640644773,49.207531509384
 -122.9008018973,49.210383008921,-122.90034494782,49.210633263015
 -122.90473423058,49.204158370807,-122.89796572767,49.208917494925
 -122.90624504281,49.208175710451,-122.90628017504,49.208286605938
 -122.91726980779,49.207303669207,-122.9157702179,49.205480669427
 -122.88627231363,49.231567828051,-122.88632451244,49.229623277366
 -122.93819389397,49.186389583662,-122.93880793013,49.186073262576
 -122.94157341433,49.207727642549,-122.94249430947,49.208461206539
 -122.91031200666,49.203967975022,-122.90939558073,49.204465096479
 -122.93364901737,49.188250539673,-122.93197428898,49.18895867564
 -122.94000185195,49.185568368743,-122.93880793013,49.186073262576
 -122.9133442168,49.212003530065,-122.91259294558,49.212405117149
 -122.95096695119,49.202505082335,-122.95015909781,49.201865957798
 -122.95111794517,49.205032385161,-122.9520501816,49.20577776538
 -122.90410820028,49.211213500692,-122.90270297892,49.210017189047
 -122.94195088997,49.184834055292,-122.94000185195,49.185568368743
 -122.94212767773,49.203616751508,-122.94309430452,49.204385219713
 -122.90259570357,49.2252093327,-122.90460333842,49.22634758948
 -122.90517332909,49.205349453171,-122.90369249174,49.20615307847
 -122.93381061892,49.203923249634,-122.94110420088,49.201024449768
 -122.9097506362,49.210150515048,-122.90925230204,49.210765754963
 -122.90192752888,49.210433011542,-122.90159172948,49.210628588459
 -122.91915726669,49.220548017475,-122.91842347138,49.219963621133
 -122.94784838616,49.198749670641,-122.94666211755,49.186278631514
 -122.90847758916,49.224303195564,-122.90752731072,49.22353335688
 -122.91066046243,49.210870927265,-122.90912169618,49.211704825043
 -122.92980639327,49.20498627693,-122.92893998647,49.204291742899
 -122.94624202699,49.199712883642,-122.94784838616,49.198749670641
 -122.91661137937,49.221179971368,-122.91860822932,49.220109534257